kinematics:
  shoulder:
    x: 0
    y: 0
    z: 0.18058515099439337
    roll: -0
    pitch: 0
    yaw: 2.2602480301774737e-07
  upper_arm:
    x: 8.3485644710547946e-05
    y: 0
    z: 0
    roll: 1.5702545696548049
    pitch: 0
    yaw: 4.1047584906868243e-06
  forearm:
    x: -0.61220312894318329
    y: 0
    z: 0
    roll: 0.00010654313820385056
    pitch: 6.6540968284754308e-05
    yaw: -4.3829526419064191e-06
  wrist_1:
    x: -0.5713742389854275
    y: 0.0016578240048675445
    z: 0.17362039553304554
    roll: 3.132044388142369
    pitch: -3.1412222367350666
    yaw: -3.1415878510741835
  wrist_2:
    x: 1.2667172807438902e-05
    y: -0.11977766949035959
    z: 6.0743796004779998e-05
    roll: 1.5702891889364319
    pitch: 0
    yaw: 7.201977154270855e-08
  wrist_3:
    x: -0.00013447451577126986
    y: 0.11558585398615148
    z: -2.8027014129265135e-05
    roll: 1.5705538489084301
    pitch: 3.1415926535897931
    yaw: 3.1415926089038959
  hash: calib_16372075385502550731